1,0.857632,0.656513,0.569479,0.817238,0.678688,0.691225,0.608696,0.363306,0.70268,0.885056,0.123077,0.123077,0.192308,0.123077,0.879887,0.123077,0.143009,0.402073,0.372568,0.123077,0.715677,0.437681,0.416093,0.841204,0.53875,0.212832,0.794403,0.49406,0.516877,0.780608,0.731816,0.223566,0.284338,0.147237,0.152163,0.776868,0.252533,0.330979,0.358029,0.510242,0.5967,0.543631,0.233892,0.140381,0.75264,0.406503,0.215385,0.366151,0.4086,0.866281,0.733408,0.275762,0.67629,0.449295,0.287518,0.273298,0.326302,0.831631,0.204058,0.3157,0.57329,0.192308,0.607692,0.463727,0.481579,0.632777,0.704361,0.368671,0.616536,0.363868,0.801619,0.146154,0.169231,0.676089,0.482579,0.273612,0.657662,0.192308,0.747579,0.330937,0.190325,0.334846,0.295493,0.797672,0.169231,0.123077,0.404053,0.169231,0.168999,0.163047,0.235783,0.215385,0.290638,0.380799,0.165865,0.275083,0.477995,0.299904,0.205578,0.123077,0.169231,0.215385,0.163306,0.123077,0.146154,0.251714,0.169231,0.229936,0.123077,0.123077,0.146154,0.123077,0.215385,0.123077,0.123077,0.123077,0.192308,0.123077,0.232307,0.372709,0.136551,0.174006,0.189053,0.144563,0.166318,0.153004,0.191506,0.123077,0.129223,0.234668,0.1,0.1,0.1,0.1,0.1,0.1,0.1,0.1,0.1,0.1,0.1,0.1,0.1,0.1,0.1,0.1,0.1,0.1,0.1,0.1,0.1,0.1,0.1,0.1,0.1,0.1,0.1,0.1,0.1,0.1,0.1,0.1,0.1,0.1,0.1,0.1,0.1,0.1,0.1,0.1,0.1,0.1,0.1,0.1,0.1,0.1,0.1,0.1,0.1,0.1,0.1,0.1,0.1,0.1,0.1,0.1,0.1,0.1,0.1,0.1,0.1,0.1,0.1,0.1,0.1,0.1,0.1,0.1,0.1
0.857632,1,0.73301,0.629916,0.880316,0.743778,0.757093,0.676221,0.326331,0.762305,0.81079,0.12,0.12,0.18,0.12,0.780932,0.12,0.137274,0.367869,0.339639,0.12,0.675401,0.417867,0.386042,0.803759,0.59702,0.205543,0.852709,0.446503,0.463003,0.707417,0.643844,0.212559,0.265635,0.14757,0.151185,0.71923,0.234427,0.301536,0.333189,0.458354,0.526803,0.491434,0.218679,0.131489,0.722875,0.373338,0.2,0.338073,0.378271,0.909303,0.810406,0.252327,0.607936,0.404991,0.272108,0.246683,0.296128,0.91586,0.191243,0.294761,0.511013,0.18,0.536383,0.41526,0.436937,0.590714,0.630403,0.332929,0.555877,0.335057,0.714079,0.14,0.16,0.612014,0.432622,0.264862,0.587681,0.18,0.69039,0.32,0.186532,0.304991,0.272286,0.764286,0.16,0.12,0.371977,0.16,0.173511,0.165443,0.219911,0.2,0.274242,0.346154,0.16,0.25506,0.44,0.272228,0.195975,0.12,0.16,0.2,0.16,0.12,0.14,0.228627,0.16,0.22135,0.12,0.12,0.14,0.12,0.2,0.12,0.12,0.12,0.17674,0.12,0.212647,0.34,0.134946,0.181079,0.187904,0.142627,0.170059,0.147704,0.185211,0.12,0.129836,0.216712,0.1,0.1,0.1,0.1,0.1,0.1,0.1,0.1,0.1,0.1,0.1,0.1,0.1,0.1,0.1,0.1,0.1,0.1,0.1,0.1,0.1,0.1,0.1,0.1,0.1,0.1,0.1,0.1,0.1,0.1,0.1,0.1,0.1,0.1,0.1,0.1,0.1,0.1,0.1,0.1,0.1,0.1,0.1,0.1,0.1,0.1,0.1,0.1,0.1,0.1,0.1,0.1,0.1,0.1,0.1,0.1,0.1,0.1,0.1,0.1,0.1,0.1,0.1,0.1,0.1,0.1,0.1,0.1,0.1
0.656513,0.73301,1,0.826538,0.758879,0.801752,0.900742,0.890576,0.274194,0.627065,0.646536,0.114516,0.114516,0.158065,0.114516,0.602725,0.114516,0.129032,0.295464,0.28871,0.114516,0.504007,0.326956,0.304985,0.614899,0.78751,0.17564,0.67365,0.359631,0.381997,0.556488,0.517795,0.181516,0.217303,0.136556,0.136332,0.57839,0.208551,0.259677,0.286781,0.375149,0.427183,0.403498,0.200486,0.125493,0.573963,0.303226,0.172581,0.284106,0.309297,0.713991,0.866903,0.210273,0.481413,0.319924,0.230645,0.212589,0.242351,0.731854,0.172581,0.251959,0.416545,0.158065,0.413782,0.32931,0.353684,0.467951,0.487167,0.274194,0.439944,0.281493,0.561401,0.129032,0.143548,0.473805,0.338609,0.21836,0.454738,0.158065,0.518647,0.254459,0.163784,0.252138,0.226008,0.592784,0.143548,0.114516,0.303307,0.143548,0.156849,0.14576,0.197575,0.172581,0.230645,0.28871,0.143548,0.216129,0.338458,0.230645,0.16966,0.114516,0.141142,0.172581,0.143548,0.114516,0.129032,0.198723,0.143548,0.188587,0.114516,0.114516,0.129032,0.114516,0.172581,0.114516,0.114516,0.114516,0.158065,0.114516,0.184337,0.274194,0.126284,0.156791,0.167872,0.132435,0.152728,0.134991,0.16799,0.114516,0.120975,0.187097,0.1,0.1,0.1,0.1,0.1,0.1,0.1,0.1,0.1,0.1,0.1,0.1,0.1,0.1,0.1,0.1,0.1,0.1,0.1,0.1,0.1,0.1,0.1,0.1,0.1,0.1,0.1,0.1,0.1,0.1,0.1,0.1,0.1,0.1,0.1,0.1,0.1,0.1,0.1,0.1,0.1,0.1,0.1,0.1,0.1,0.1,0.1,0.1,0.1,0.1,0.1,0.1,0.1,0.1,0.1,0.1,0.1,0.1,0.1,0.1,0.1,0.1,0.1,0.1,0.1,0.1,0.1,0.1,0.1
0.569479,0.629916,0.826538,1,0.656247,0.722753,0.783996,0.892654,0.242967,0.562586,0.559115,0.112162,0.112162,0.148649,0.112162,0.525676,0.112162,0.124324,0.266255,0.251067,0.112162,0.439333,0.287811,0.275221,0.562526,0.881065,0.166513,0.589913,0.318919,0.3391,0.489189,0.448231,0.172973,0.201024,0.136487,0.136487,0.509663,0.193154,0.230672,0.258243,0.336226,0.376923,0.35599,0.185026,0.124324,0.53744,0.27027,0.160811,0.258108,0.280121,0.617689,0.748463,0.194986,0.423679,0.285541,0.206332,0.197297,0.221622,0.640709,0.160811,0.233784,0.362473,0.148649,0.365213,0.291269,0.315084,0.419319,0.428378,0.245946,0.387585,0.258108,0.486083,0.124324,0.136487,0.419892,0.301442,0.198478,0.39874,0.148649,0.454201,0.226494,0.160811,0.230793,0.205962,0.526887,0.136487,0.112162,0.277685,0.136487,0.15041,0.142474,0.181144,0.160811,0.206332,0.255002,0.136487,0.197297,0.301295,0.20553,0.15823,0.112162,0.136487,0.160811,0.134174,0.112162,0.124324,0.183718,0.136487,0.183935,0.112162,0.112162,0.124324,0.112162,0.160811,0.112162,0.112162,0.112162,0.148649,0.112162,0.172973,0.245946,0.123268,0.152804,0.158031,0.128492,0.146164,0.130403,0.156626,0.112162,0.119408,0.172973,0.1,0.1,0.1,0.1,0.1,0.1,0.1,0.1,0.1,0.1,0.1,0.1,0.1,0.1,0.1,0.1,0.1,0.1,0.1,0.1,0.1,0.1,0.1,0.1,0.1,0.1,0.1,0.1,0.1,0.1,0.1,0.1,0.1,0.1,0.1,0.1,0.1,0.1,0.1,0.1,0.1,0.1,0.1,0.1,0.1,0.1,0.1,0.1,0.1,0.1,0.1,0.1,0.1,0.1,0.1,0.1,0.1,0.1,0.1,0.1,0.1,0.1,0.1,0.1,0.1,0.1,0.1,0.1,0.1
0.817238,0.880316,0.758879,0.656247,1,0.805371,0.801893,0.699117,0.323788,0.762256,0.824433,0.119149,0.119149,0.176596,0.119149,0.74996,0.119149,0.138298,0.358867,0.348936,0.119149,0.613834,0.38444,0.374098,0.770873,0.614185,0.200956,0.807486,0.44156,0.471893,0.698862,0.651687,0.206988,0.254394,0.147238,0.147832,0.721395,0.242105,0.310638,0.34325,0.463875,0.532239,0.491498,0.230962,0.133508,0.689298,0.357229,0.195745,0.331757,0.370514,0.858839,0.847608,0.249552,0.594311,0.375593,0.259323,0.248402,0.291489,0.90669,0.189857,0.290849,0.517936,0.176596,0.505299,0.394626,0.42841,0.572624,0.603128,0.329787,0.55716,0.329571,0.698704,0.138298,0.157447,0.593564,0.406592,0.248003,0.555097,0.176596,0.635703,0.297472,0.182477,0.300702,0.268353,0.724132,0.155547,0.119149,0.36712,0.157447,0.168683,0.160386,0.227746,0.18687,0.255641,0.344046,0.157447,0.249082,0.403905,0.27234,0.189763,0.119149,0.157447,0.195745,0.151892,0.119149,0.138298,0.234043,0.157447,0.216546,0.119149,0.119149,0.138298,0.119149,0.194342,0.119149,0.119149,0.119149,0.176596,0.119149,0.211372,0.32629,0.133492,0.175528,0.18446,0.140371,0.166524,0.146158,0.185953,0.119149,0.127272,0.21248,0.1,0.1,0.1,0.1,0.1,0.1,0.1,0.1,0.1,0.1,0.1,0.1,0.1,0.1,0.1,0.1,0.1,0.1,0.1,0.1,0.1,0.1,0.1,0.1,0.1,0.1,0.1,0.1,0.1,0.1,0.1,0.1,0.1,0.1,0.1,0.1,0.1,0.1,0.1,0.1,0.1,0.1,0.1,0.1,0.1,0.1,0.1,0.1,0.1,0.1,0.1,0.1,0.1,0.1,0.1,0.1,0.1,0.1,0.1,0.1,0.1,0.1,0.1,0.1,0.1,0.1,0.1,0.1,0.1
0.678688,0.743778,0.801752,0.722753,0.805371,1,0.84796,0.750176,0.287143,0.669388,0.688133,0.115789,0.115789,0.163158,0.115789,0.630489,0.115789,0.131579,0.318617,0.305263,0.115789,0.518619,0.33677,0.320479,0.662875,0.686413,0.182072,0.707498,0.384211,0.40344,0.596648,0.553261,0.185568,0.220684,0.13836,0.140075,0.618727,0.213966,0.273684,0.306821,0.40156,0.458846,0.421755,0.209424,0.127629,0.640282,0.313035,0.178947,0.289239,0.329005,0.72182,0.83067,0.226316,0.504093,0.324207,0.2357,0.222366,0.257895,0.767817,0.171585,0.25766,0.447368,0.163158,0.427782,0.340904,0.370975,0.489713,0.510994,0.289474,0.473356,0.284921,0.594424,0.131579,0.147368,0.497932,0.351089,0.220569,0.474375,0.163158,0.53898,0.26023,0.164932,0.262007,0.239327,0.627849,0.143024,0.115789,0.327713,0.147368,0.158368,0.148504,0.202126,0.173568,0.232916,0.301231,0.147368,0.220984,0.347373,0.242105,0.172772,0.115789,0.144751,0.178947,0.143944,0.115789,0.131579,0.210526,0.147368,0.197785,0.115789,0.115789,0.129144,0.115789,0.178947,0.115789,0.115789,0.115789,0.163158,0.115789,0.18835,0.285268,0.127977,0.159692,0.167749,0.13411,0.155491,0.134577,0.168739,0.115789,0.122488,0.192302,0.1,0.1,0.1,0.1,0.1,0.1,0.1,0.1,0.1,0.1,0.1,0.1,0.1,0.1,0.1,0.1,0.1,0.1,0.1,0.1,0.1,0.1,0.1,0.1,0.1,0.1,0.1,0.1,0.1,0.1,0.1,0.1,0.1,0.1,0.1,0.1,0.1,0.1,0.1,0.1,0.1,0.1,0.1,0.1,0.1,0.1,0.1,0.1,0.1,0.1,0.1,0.1,0.1,0.1,0.1,0.1,0.1,0.1,0.1,0.1,0.1,0.1,0.1,0.1,0.1,0.1,0.1,0.1,0.1
0.691225,0.757093,0.900742,0.783996,0.801893,0.84796,1,0.836835,0.286207,0.661765,0.689242,0.115517,0.115517,0.162069,0.115517,0.632259,0.115517,0.131035,0.30693,0.297754,0.115517,0.516773,0.336509,0.319131,0.647104,0.73355,0.184013,0.696279,0.37931,0.406335,0.575805,0.546315,0.187053,0.223746,0.133769,0.136489,0.623221,0.220128,0.266719,0.297851,0.400341,0.456897,0.429454,0.208065,0.131035,0.585489,0.309915,0.177586,0.286009,0.32854,0.740337,0.901583,0.224138,0.504775,0.328972,0.23336,0.224138,0.255172,0.785664,0.170839,0.254277,0.43464,0.162069,0.430697,0.345125,0.37931,0.491578,0.51441,0.286207,0.464303,0.28162,0.590328,0.131035,0.146552,0.495219,0.350139,0.223789,0.4713,0.162069,0.536771,0.259359,0.169685,0.27069,0.239655,0.624339,0.146552,0.115517,0.327501,0.146552,0.157073,0.148181,0.204805,0.177586,0.23336,0.293693,0.146552,0.21893,0.352329,0.239655,0.17391,0.115517,0.146552,0.177586,0.143601,0.115517,0.131035,0.208621,0.146552,0.197534,0.115517,0.115517,0.131035,0.115517,0.177586,0.115517,0.115517,0.115517,0.160262,0.115517,0.193103,0.286207,0.128189,0.157943,0.170081,0.134661,0.15406,0.138327,0.172141,0.115517,0.123335,0.193103,0.1,0.1,0.1,0.1,0.1,0.1,0.1,0.1,0.1,0.1,0.1,0.1,0.1,0.1,0.1,0.1,0.1,0.1,0.1,0.1,0.1,0.1,0.1,0.1,0.1,0.1,0.1,0.1,0.1,0.1,0.1,0.1,0.1,0.1,0.1,0.1,0.1,0.1,0.1,0.1,0.1,0.1,0.1,0.1,0.1,0.1,0.1,0.1,0.1,0.1,0.1,0.1,0.1,0.1,0.1,0.1,0.1,0.1,0.1,0.1,0.1,0.1,0.1,0.1,0.1,0.1,0.1,0.1,0.1
0.608696,0.676221,0.890576,0.892654,0.699117,0.750176,0.836835,1,0.256522,0.578468,0.592649,0.113044,0.113044,0.152174,0.113044,0.555031,0.113044,0.126087,0.275197,0.269565,0.113044,0.467526,0.303837,0.287617,0.578417,0.862465,0.172318,0.635323,0.333292,0.352632,0.508433,0.47541,0.174167,0.213211,0.132404,0.132818,0.528603,0.196782,0.243478,0.264913,0.345127,0.393991,0.371666,0.189494,0.122906,0.531707,0.278718,0.165217,0.260004,0.29031,0.64744,0.79807,0.204348,0.442858,0.305643,0.214779,0.201167,0.230435,0.674211,0.161886,0.233917,0.386957,0.152174,0.386957,0.308696,0.33152,0.433247,0.452174,0.256522,0.40577,0.257291,0.513172,0.126087,0.13913,0.442903,0.319976,0.214339,0.424324,0.152174,0.482537,0.237602,0.158856,0.237949,0.217391,0.563173,0.13913,0.113044,0.288837,0.13913,0.150574,0.14211,0.186919,0.165217,0.214779,0.265346,0.13913,0.204348,0.316881,0.217391,0.165217,0.113044,0.13913,0.165217,0.13913,0.113044,0.126087,0.188707,0.13913,0.183258,0.113044,0.113044,0.126087,0.113044,0.165217,0.113044,0.113044,0.113044,0.152174,0.113044,0.175781,0.256522,0.123654,0.15266,0.160345,0.129293,0.147454,0.131454,0.161083,0.113044,0.1193,0.178261,0.1,0.1,0.1,0.1,0.1,0.1,0.1,0.1,0.1,0.1,0.1,0.1,0.1,0.1,0.1,0.1,0.1,0.1,0.1,0.1,0.1,0.1,0.1,0.1,0.1,0.1,0.1,0.1,0.1,0.1,0.1,0.1,0.1,0.1,0.1,0.1,0.1,0.1,0.1,0.1,0.1,0.1,0.1,0.1,0.1,0.1,0.1,0.1,0.1,0.1,0.1,0.1,0.1,0.1,0.1,0.1,0.1,0.1,0.1,0.1,0.1,0.1,0.1,0.1,0.1,0.1,0.1,0.1,0.1
0.363306,0.326331,0.274194,0.242967,0.323788,0.287143,0.286207,0.256522,1,0.334783,0.368907,0.163598,0.163598,0.353299,0.163598,0.383373,0.163598,0.219555,0.74601,0.810284,0.163598,0.434209,0.696103,0.686953,0.348558,0.233714,0.42028,0.333275,0.651283,0.578807,0.412517,0.468501,0.448062,0.577868,0.237762,0.242544,0.4,0.54658,0.800822,0.756135,0.619734,0.562144,0.547464,0.522559,0.231711,0.360238,0.746516,0.43795,0.780616,0.700457,0.34533,0.3,0.593727,0.466795,0.63149,0.642551,0.66208,0.76075,0.337387,0.385974,0.671283,0.55793,0.359956,0.539357,0.719332,0.677107,0.441135,0.472636,0.852324,0.520079,0.735242,0.422397,0.230549,0.305549,0.464116,0.635022,0.576169,0.481252,0.360685,0.425805,0.785353,0.34873,0.789602,0.674993,0.374522,0.285906,0.161949,0.701871,0.325,0.300542,0.288522,0.514187,0.403571,0.649978,0.812713,0.287797,0.630211,0.666703,0.693127,0.419196,0.175,0.293533,0.460781,0.291487,0.163598,0.22471,0.549003,0.311992,0.4633,0.175,0.175,0.228639,0.161949,0.464379,0.175,0.157759,0.157759,0.365148,0.157759,0.506371,0.869287,0.220087,0.316329,0.358587,0.242114,0.301664,0.256829,0.388162,0.175,0.19664,0.512381,0.1,0.1,0.1,0.1,0.1,0.1,0.1,0.1,0.1,0.1,0.1,0.1,0.1,0.1,0.1,0.1,0.1,0.1,0.1,0.1,0.1,0.1,0.1,0.1,0.1,0.1,0.1,0.1,0.1,0.1,0.1,0.1,0.1,0.1,0.1,0.1,0.1,0.1,0.1,0.1,0.1,0.1,0.1,0.1,0.1,0.1,0.1,0.1,0.1,0.1,0.1,0.1,0.1,0.1,0.1,0.1,0.1,0.1,0.1,0.1,0.1,0.1,0.1,0.1,0.1,0.1,0.1,0.1,0.1
0.70268,0.762305,0.627065,0.562586,0.762256,0.669388,0.661765,0.578468,0.334783,1,0.7517,0.119565,0.119565,0.17344,0.119565,0.675096,0.119565,0.134163,0.355795,0.335811,0.119565,0.59467,0.381551,0.363507,0.757955,0.527658,0.193381,0.762564,0.439466,0.506154,0.652767,0.641441,0.209762,0.246746,0.144817,0.145235,0.768165,0.276087,0.306027,0.365764,0.487707,0.533672,0.546345,0.276087,0.13913,0.67995,0.352287,0.194383,0.326126,0.358772,0.764756,0.689522,0.239522,0.577309,0.368382,0.254227,0.256522,0.288368,0.774343,0.184774,0.277085,0.492478,0.176883,0.497051,0.395859,0.44135,0.676681,0.594392,0.327689,0.538055,0.316579,0.649899,0.13913,0.158696,0.574309,0.398413,0.247365,0.545949,0.16906,0.612991,0.294735,0.185553,0.315217,0.262958,0.697801,0.158696,0.119565,0.360316,0.158696,0.256522,0.197826,0.256522,0.183164,0.254877,0.338853,0.156337,0.24775,0.404085,0.267494,0.18828,0.119565,0.150487,0.197826,0.152205,0.119565,0.135688,0.227371,0.158696,0.216487,0.119565,0.119565,0.13913,0.119565,0.195055,0.119565,0.116123,0.116123,0.171803,0.116123,0.217391,0.330285,0.158696,0.236957,0.256522,0.178261,0.236957,0.158696,0.236957,0.119565,0.13913,0.214597,0.1,0.1,0.1,0.1,0.1,0.1,0.1,0.1,0.1,0.1,0.1,0.1,0.1,0.1,0.1,0.1,0.1,0.1,0.1,0.1,0.1,0.1,0.1,0.1,0.1,0.1,0.1,0.1,0.1,0.1,0.1,0.1,0.1,0.1,0.1,0.1,0.1,0.1,0.1,0.1,0.1,0.1,0.1,0.1,0.1,0.1,0.1,0.1,0.1,0.1,0.1,0.1,0.1,0.1,0.1,0.1,0.1,0.1,0.1,0.1,0.1,0.1,0.1,0.1,0.1,0.1,0.1,0.1,0.1
0.885056,0.81079,0.646536,0.559115,0.824433,0.688133,0.689242,0.592649,0.368907,0.7517,1,0.123077,0.123077,0.188058,0.123077,0.834395,0.123077,0.142036,0.404291,0.392269,0.123077,0.69688,0.438678,0.417732,0.842856,0.525048,0.210187,0.800073,0.509391,0.544304,0.786751,0.754404,0.223275,0.272331,0.15491,0.153395,0.848567,0.27288,0.347642,0.393454,0.539246,0.61837,0.576036,0.259708,0.140381,0.762458,0.403549,0.211135,0.368161,0.407921,0.853899,0.721479,0.265771,0.665814,0.422095,0.281566,0.276751,0.322701,0.830585,0.200141,0.312706,0.587036,0.192308,0.580328,0.444761,0.491336,0.674459,0.694395,0.376923,0.639103,0.358573,0.785559,0.146154,0.169231,0.675418,0.465181,0.266705,0.636174,0.18466,0.727743,0.331708,0.19966,0.351754,0.292359,0.796835,0.162343,0.123077,0.402153,0.169231,0.183338,0.174656,0.255575,0.205131,0.290158,0.391172,0.169231,0.276264,0.459276,0.307692,0.201219,0.123077,0.160621,0.213151,0.164843,0.123077,0.141904,0.261539,0.169231,0.234388,0.123077,0.123077,0.142595,0.123077,0.215385,0.123077,0.118827,0.118827,0.188909,0.118827,0.238462,0.367438,0.141783,0.190198,0.203596,0.151064,0.182692,0.156999,0.205934,0.123077,0.134703,0.228595,0.1,0.1,0.1,0.1,0.1,0.1,0.1,0.1,0.1,0.1,0.1,0.1,0.1,0.1,0.1,0.1,0.1,0.1,0.1,0.1,0.1,0.1,0.1,0.1,0.1,0.1,0.1,0.1,0.1,0.1,0.1,0.1,0.1,0.1,0.1,0.1,0.1,0.1,0.1,0.1,0.1,0.1,0.1,0.1,0.1,0.1,0.1,0.1,0.1,0.1,0.1,0.1,0.1,0.1,0.1,0.1,0.1,0.1,0.1,0.1,0.1,0.1,0.1,0.1,0.1,0.1,0.1,0.1,0.1
0.123077,0.12,0.114516,0.112162,0.119149,0.115789,0.115517,0.113044,0.163598,0.119565,0.123077,1,1,0.325,1,0.125714,1,0.55,0.164286,0.169231,1,0.131035,0.147698,0.150878,0.1225,0.11125,0.206131,0.12093,0.15,0.142857,0.128125,0.131035,0.215176,0.170754,0.31683,0.31683,0.125,0.16695,0.181818,0.154512,0.145,0.13913,0.13913,0.16695,0.378451,0.123684,0.164286,0.235034,0.15751,0.16,0.12093,0.116667,0.2125,0.133333,0.142198,0.180178,0.1902,0.176317,0.12,0.230098,0.1656,0.140909,0.325,0.133983,0.147698,0.15,0.125439,0.133333,0.175,0.1375,0.155508,0.128125,0.55,0.4,0.128266,0.143978,0.175019,0.129905,0.259196,0.13,0.167966,0.230098,0.169379,0.2,0.120626,0.298875,0.696624,0.16,0.349209,0.175318,0.220509,0.175318,0.233889,0.180178,0.169231,0.341616,0.193453,0.144893,0.2,0.235034,0.717793,0.312261,0.24432,0.323148,1,0.425245,0.228571,0.325056,0.198722,0.717793,0.717793,0.425245,0.696624,0.249525,0.717793,0.676285,0.676285,0.2804,0.676285,0.227195,0.163598,0.300849,0.186078,0.175318,0.250637,0.186078,0.300849,0.186078,0.702547,0.401274,0.227195,0.1,0.1,0.1,0.1,0.1,0.1,0.1,0.1,0.1,0.1,0.1,0.1,0.1,0.1,0.1,0.1,0.1,0.1,0.1,0.1,0.1,0.1,0.1,0.1,0.1,0.1,0.1,0.1,0.1,0.1,0.1,0.1,0.1,0.1,0.1,0.1,0.1,0.1,0.1,0.1,0.1,0.1,0.1,0.1,0.1,0.1,0.1,0.1,0.1,0.1,0.1,0.1,0.1,0.1,0.1,0.1,0.1,0.1,0.1,0.1,0.1,0.1,0.1,0.1,0.1,0.1,0.1,0.1,0.1
0.123077,0.12,0.114516,0.112162,0.119149,0.115789,0.115517,0.113044,0.163598,0.119565,0.123077,1,1,0.325,1,0.125714,1,0.55,0.164286,0.169231,1,0.131035,0.147698,0.150878,0.1225,0.11125,0.206131,0.12093,0.15,0.142857,0.128125,0.131035,0.215176,0.170754,0.31683,0.31683,0.125,0.16695,0.181818,0.154512,0.145,0.13913,0.13913,0.16695,0.378451,0.123684,0.164286,0.235034,0.15751,0.16,0.12093,0.116667,0.2125,0.133333,0.142198,0.180178,0.1902,0.176317,0.12,0.230098,0.1656,0.140909,0.325,0.133983,0.147698,0.15,0.125439,0.133333,0.175,0.1375,0.155508,0.128125,0.55,0.4,0.128266,0.143978,0.175019,0.129905,0.259196,0.13,0.167966,0.230098,0.169379,0.2,0.120626,0.298875,0.696624,0.16,0.349209,0.175318,0.220509,0.175318,0.233889,0.180178,0.169231,0.341616,0.193453,0.144893,0.2,0.235034,0.717793,0.312261,0.24432,0.323148,1,0.425245,0.228571,0.325056,0.198722,0.717793,0.717793,0.425245,0.696624,0.249525,0.717793,0.676285,0.676285,0.2804,0.676285,0.227195,0.163598,0.300849,0.186078,0.175318,0.250637,0.186078,0.300849,0.186078,0.702547,0.401274,0.227195,0.1,0.1,0.1,0.1,0.1,0.1,0.1,0.1,0.1,0.1,0.1,0.1,0.1,0.1,0.1,0.1,0.1,0.1,0.1,0.1,0.1,0.1,0.1,0.1,0.1,0.1,0.1,0.1,0.1,0.1,0.1,0.1,0.1,0.1,0.1,0.1,0.1,0.1,0.1,0.1,0.1,0.1,0.1,0.1,0.1,0.1,0.1,0.1,0.1,0.1,0.1,0.1,0.1,0.1,0.1,0.1,0.1,0.1,0.1,0.1,0.1,0.1,0.1,0.1,0.1,0.1,0.1,0.1,0.1
0.192308,0.18,0.158065,0.148649,0.176596,0.163158,0.162069,0.152174,0.353299,0.17344,0.188058,0.325,0.325,1,0.325,0.202857,0.325,0.431521,0.345831,0.337865,0.325,0.221952,0.308197,0.312383,0.186041,0.145,0.521527,0.183721,0.288126,0.255857,0.207321,0.217061,0.603382,0.417667,0.457324,0.588883,0.198239,0.3533,0.391019,0.313061,0.26365,0.24477,0.238105,0.33953,0.365862,0.191604,0.352614,0.722372,0.350697,0.335773,0.183721,0.166667,0.519693,0.233333,0.286405,0.459226,0.474045,0.404993,0.176481,0.657308,0.388866,0.263636,0.930099,0.243765,0.296391,0.280513,0.203704,0.227468,0.369297,0.25,0.3632,0.207551,0.55,0.661118,0.222127,0.286049,0.424831,0.231276,0.874437,0.22,0.37398,0.595183,0.382322,0.448073,0.191886,0.612988,0.283566,0.310583,0.605952,0.237139,0.411782,0.384963,0.572267,0.427304,0.360482,0.618786,0.47776,0.287397,0.43688,0.673466,0.298245,0.581399,0.666312,0.529306,0.325,0.55,0.518415,0.604911,0.534145,0.298245,0.298245,0.510409,0.283566,0.663029,0.298245,0.325,0.325,0.741819,0.325,0.551561,0.361746,0.333238,0.324046,0.303229,0.371225,0.26417,0.458227,0.37119,0.253021,0.291775,0.594295,0.1,0.1,0.1,0.1,0.1,0.1,0.1,0.1,0.1,0.1,0.1,0.1,0.1,0.1,0.1,0.1,0.1,0.1,0.1,0.1,0.1,0.1,0.1,0.1,0.1,0.1,0.1,0.1,0.1,0.1,0.1,0.1,0.1,0.1,0.1,0.1,0.1,0.1,0.1,0.1,0.1,0.1,0.1,0.1,0.1,0.1,0.1,0.1,0.1,0.1,0.1,0.1,0.1,0.1,0.1,0.1,0.1,0.1,0.1,0.1,0.1,0.1,0.1,0.1,0.1,0.1,0.1,0.1,0.1
0.123077,0.12,0.114516,0.112162,0.119149,0.115789,0.115517,0.113044,0.163598,0.119565,0.123077,1,1,0.325,1,0.125714,1,0.55,0.164286,0.169231,1,0.131035,0.147698,0.150878,0.1225,0.11125,0.206131,0.12093,0.15,0.142857,0.128125,0.131035,0.215176,0.170754,0.31683,0.31683,0.125,0.16695,0.181818,0.154512,0.145,0.13913,0.13913,0.16695,0.378451,0.123684,0.164286,0.235034,0.15751,0.16,0.12093,0.116667,0.2125,0.133333,0.142198,0.180178,0.1902,0.176317,0.12,0.230098,0.1656,0.140909,0.325,0.133983,0.147698,0.15,0.125439,0.133333,0.175,0.1375,0.155508,0.128125,0.55,0.4,0.128266,0.143978,0.175019,0.129905,0.259196,0.13,0.167966,0.230098,0.169379,0.2,0.120626,0.298875,0.696624,0.16,0.349209,0.175318,0.220509,0.175318,0.233889,0.180178,0.169231,0.341616,0.193453,0.144893,0.2,0.235034,0.717793,0.312261,0.24432,0.323148,1,0.425245,0.228571,0.325056,0.198722,0.717793,0.717793,0.425245,0.696624,0.249525,0.717793,0.676285,0.676285,0.2804,0.676285,0.227195,0.163598,0.300849,0.186078,0.175318,0.250637,0.186078,0.300849,0.186078,0.702547,0.401274,0.227195,0.1,0.1,0.1,0.1,0.1,0.1,0.1,0.1,0.1,0.1,0.1,0.1,0.1,0.1,0.1,0.1,0.1,0.1,0.1,0.1,0.1,0.1,0.1,0.1,0.1,0.1,0.1,0.1,0.1,0.1,0.1,0.1,0.1,0.1,0.1,0.1,0.1,0.1,0.1,0.1,0.1,0.1,0.1,0.1,0.1,0.1,0.1,0.1,0.1,0.1,0.1,0.1,0.1,0.1,0.1,0.1,0.1,0.1,0.1,0.1,0.1,0.1,0.1,0.1,0.1,0.1,0.1,0.1,0.1
0.879887,0.780932,0.602725,0.525676,0.74996,0.630489,0.632259,0.555031,0.383373,0.675096,0.834395,0.125714,0.125714,0.202857,0.125714,1,0.125714,0.151429,0.4402,0.404264,0.125714,0.7687,0.479497,0.452917,0.806015,0.49375,0.228319,0.770505,0.549227,0.549386,0.867697,0.791467,0.237562,0.300501,0.157905,0.158882,0.812583,0.256319,0.360422,0.383481,0.545121,0.644105,0.577245,0.241062,0.140485,0.760727,0.443398,0.228571,0.403271,0.44716,0.796868,0.675193,0.295849,0.744863,0.477043,0.312706,0.284485,0.349614,0.765018,0.217427,0.343725,0.621881,0.202857,0.643765,0.498198,0.52398,0.677207,0.769073,0.400855,0.676601,0.400742,0.873386,0.151429,0.177143,0.730382,0.518478,0.289918,0.714001,0.202857,0.804728,0.35449,0.195087,0.345143,0.318035,0.816828,0.177143,0.125714,0.442036,0.177143,0.169051,0.158637,0.237913,0.224037,0.309466,0.40721,0.177143,0.296243,0.510653,0.318782,0.218078,0.125714,0.177143,0.228571,0.170997,0.125714,0.151429,0.266343,0.177143,0.244419,0.125714,0.125714,0.151429,0.125714,0.228571,0.125714,0.125714,0.125714,0.198666,0.125714,0.231118,0.403137,0.13481,0.170849,0.186103,0.142758,0.165694,0.147914,0.192325,0.119914,0.126968,0.250059,0.1,0.1,0.1,0.1,0.1,0.1,0.1,0.1,0.1,0.1,0.1,0.1,0.1,0.1,0.1,0.1,0.1,0.1,0.1,0.1,0.1,0.1,0.1,0.1,0.1,0.1,0.1,0.1,0.1,0.1,0.1,0.1,0.1,0.1,0.1,0.1,0.1,0.1,0.1,0.1,0.1,0.1,0.1,0.1,0.1,0.1,0.1,0.1,0.1,0.1,0.1,0.1,0.1,0.1,0.1,0.1,0.1,0.1,0.1,0.1,0.1,0.1,0.1,0.1,0.1,0.1,0.1,0.1,0.1
0.123077,0.12,0.114516,0.112162,0.119149,0.115789,0.115517,0.113044,0.163598,0.119565,0.123077,1,1,0.325,1,0.125714,1,0.55,0.164286,0.169231,1,0.131035,0.147698,0.150878,0.1225,0.11125,0.206131,0.12093,0.15,0.142857,0.128125,0.131035,0.215176,0.170754,0.31683,0.31683,0.125,0.16695,0.181818,0.154512,0.145,0.13913,0.13913,0.16695,0.378451,0.123684,0.164286,0.235034,0.15751,0.16,0.12093,0.116667,0.2125,0.133333,0.142198,0.180178,0.1902,0.176317,0.12,0.230098,0.1656,0.140909,0.325,0.133983,0.147698,0.15,0.125439,0.133333,0.175,0.1375,0.155508,0.128125,0.55,0.4,0.128266,0.143978,0.175019,0.129905,0.259196,0.13,0.167966,0.230098,0.169379,0.2,0.120626,0.298875,0.696624,0.16,0.349209,0.175318,0.220509,0.175318,0.233889,0.180178,0.169231,0.341616,0.193453,0.144893,0.2,0.235034,0.717793,0.312261,0.24432,0.323148,1,0.425245,0.228571,0.325056,0.198722,0.717793,0.717793,0.425245,0.696624,0.249525,0.717793,0.676285,0.676285,0.2804,0.676285,0.227195,0.163598,0.300849,0.186078,0.175318,0.250637,0.186078,0.300849,0.186078,0.702547,0.401274,0.227195,0.1,0.1,0.1,0.1,0.1,0.1,0.1,0.1,0.1,0.1,0.1,0.1,0.1,0.1,0.1,0.1,0.1,0.1,0.1,0.1,0.1,0.1,0.1,0.1,0.1,0.1,0.1,0.1,0.1,0.1,0.1,0.1,0.1,0.1,0.1,0.1,0.1,0.1,0.1,0.1,0.1,0.1,0.1,0.1,0.1,0.1,0.1,0.1,0.1,0.1,0.1,0.1,0.1,0.1,0.1,0.1,0.1,0.1,0.1,0.1,0.1,0.1,0.1,0.1,0.1,0.1,0.1,0.1,0.1
0.143009,0.137274,0.129032,0.124324,0.138298,0.131579,0.131035,0.126087,0.219555,0.134163,0.142036,0.55,0.55,0.431521,0.55,0.151429,0.55,1,0.228571,0.222087,0.55,0.155575,0.19049,0.20093,0.14127,0.1225,0.331261,0.13839,0.191278,0.174295,0.15625,0.156531,0.278664,0.238975,0.538079,0.440937,0.143652,0.238528,0.236063,0.200928,0.17721,0.169006,0.170073,0.23325,0.700556,0.14414,0.21981,0.309498,0.209788,0.204095,0.137914,0.133333,0.295177,0.15887,0.186677,0.266548,0.270726,0.241377,0.14,0.366022,0.236267,0.174682,0.431521,0.165104,0.192178,0.187305,0.145425,0.160382,0.230016,0.164576,0.207786,0.152417,0.669815,0.479876,0.152763,0.180095,0.239434,0.154465,0.369231,0.155026,0.230646,0.314905,0.223887,0.273491,0.144951,0.455266,0.398312,0.204095,0.431768,0.208246,0.305317,0.241652,0.371784,0.256787,0.226107,0.518596,0.256409,0.186755,0.276348,0.324558,0.408897,0.562521,0.311761,0.529676,0.55,0.611406,0.326733,0.404933,0.293211,0.408897,0.408897,0.615709,0.398312,0.339894,0.408897,0.388142,0.388142,0.465247,0.388142,0.327126,0.224457,0.382921,0.246655,0.228323,0.315562,0.234425,0.442194,0.25692,0.401274,0.518198,0.335498,0.1,0.1,0.1,0.1,0.1,0.1,0.1,0.1,0.1,0.1,0.1,0.1,0.1,0.1,0.1,0.1,0.1,0.1,0.1,0.1,0.1,0.1,0.1,0.1,0.1,0.1,0.1,0.1,0.1,0.1,0.1,0.1,0.1,0.1,0.1,0.1,0.1,0.1,0.1,0.1,0.1,0.1,0.1,0.1,0.1,0.1,0.1,0.1,0.1,0.1,0.1,0.1,0.1,0.1,0.1,0.1,0.1,0.1,0.1,0.1,0.1,0.1,0.1,0.1,0.1,0.1,0.1,0.1,0.1
0.402073,0.367869,0.295464,0.266255,0.358867,0.318617,0.30693,0.275197,0.74601,0.355795,0.404291,0.164286,0.164286,0.345831,0.164286,0.4402,0.164286,0.228571,1,0.763456,0.164286,0.502034,0.766053,0.834161,0.399014,0.252579,0.363263,0.380398,0.733529,0.589588,0.473424,0.495488,0.420133,0.491274,0.240043,0.251853,0.427008,0.407152,0.680167,0.715683,0.662953,0.595189,0.550947,0.375934,0.19889,0.413682,0.863674,0.404711,0.755111,0.722857,0.374672,0.323863,0.53967,0.536579,0.644118,0.547266,0.536688,0.705647,0.36671,0.341008,0.5776,0.624078,0.357143,0.583228,0.790721,0.721982,0.471129,0.531091,0.825544,0.589925,0.737471,0.474878,0.228571,0.292857,0.521289,0.682189,0.497334,0.541669,0.325754,0.489031,0.688386,0.311919,0.66613,0.595358,0.423249,0.267081,0.154371,0.734885,0.292857,0.246172,0.259741,0.372934,0.344164,0.541719,0.821511,0.265361,0.559592,0.760715,0.610225,0.378468,0.164286,0.271551,0.407515,0.255811,0.164286,0.21726,0.472616,0.292857,0.417123,0.164286,0.164286,0.228571,0.154371,0.409818,0.164286,0.152974,0.152974,0.330495,0.152974,0.410821,0.811421,0.182447,0.273492,0.288463,0.196717,0.247053,0.214775,0.292602,0.149786,0.169417,0.455471,0.1,0.1,0.1,0.1,0.1,0.1,0.1,0.1,0.1,0.1,0.1,0.1,0.1,0.1,0.1,0.1,0.1,0.1,0.1,0.1,0.1,0.1,0.1,0.1,0.1,0.1,0.1,0.1,0.1,0.1,0.1,0.1,0.1,0.1,0.1,0.1,0.1,0.1,0.1,0.1,0.1,0.1,0.1,0.1,0.1,0.1,0.1,0.1,0.1,0.1,0.1,0.1,0.1,0.1,0.1,0.1,0.1,0.1,0.1,0.1,0.1,0.1,0.1,0.1,0.1,0.1,0.1,0.1,0.1
0.372568,0.339639,0.28871,0.251067,0.348936,0.305263,0.297754,0.269565,0.810284,0.335811,0.392269,0.169231,0.169231,0.337865,0.169231,0.404264,0.169231,0.222087,0.763456,1,0.169231,0.463037,0.72199,0.726675,0.371367,0.242952,0.418535,0.349494,0.670278,0.572742,0.435576,0.472218,0.425579,0.578344,0.238998,0.238831,0.406045,0.51366,0.791786,0.749771,0.625701,0.565452,0.544733,0.4754,0.210663,0.386686,0.817972,0.409422,0.836923,0.77339,0.350897,0.305509,0.569626,0.486331,0.666519,0.625511,0.580918,0.710988,0.344263,0.375289,0.667911,0.607326,0.354733,0.539065,0.705896,0.676998,0.443315,0.488406,0.796175,0.538949,0.778813,0.431124,0.231032,0.300263,0.479408,0.66266,0.574961,0.508769,0.329682,0.452998,0.725305,0.35448,0.720657,0.661356,0.383222,0.266552,0.158356,0.769842,0.30088,0.28642,0.262017,0.480167,0.362505,0.621945,0.883508,0.299347,0.586519,0.677858,0.723077,0.397198,0.169231,0.275449,0.428616,0.262805,0.169231,0.214591,0.565548,0.295684,0.467576,0.169231,0.169231,0.217026,0.158356,0.420836,0.169231,0.15279,0.15279,0.341802,0.15279,0.443291,0.78664,0.204634,0.290495,0.333828,0.228175,0.286939,0.229561,0.354073,0.152778,0.178515,0.4654,0.1,0.1,0.1,0.1,0.1,0.1,0.1,0.1,0.1,0.1,0.1,0.1,0.1,0.1,0.1,0.1,0.1,0.1,0.1,0.1,0.1,0.1,0.1,0.1,0.1,0.1,0.1,0.1,0.1,0.1,0.1,0.1,0.1,0.1,0.1,0.1,0.1,0.1,0.1,0.1,0.1,0.1,0.1,0.1,0.1,0.1,0.1,0.1,0.1,0.1,0.1,0.1,0.1,0.1,0.1,0.1,0.1,0.1,0.1,0.1,0.1,0.1,0.1,0.1,0.1,0.1,0.1,0.1,0.1
0.123077,0.12,0.114516,0.112162,0.119149,0.115789,0.115517,0.113044,0.163598,0.119565,0.123077,1,1,0.325,1,0.125714,1,0.55,0.164286,0.169231,1,0.131035,0.147698,0.150878,0.1225,0.11125,0.206131,0.12093,0.15,0.142857,0.128125,0.131035,0.215176,0.170754,0.31683,0.31683,0.125,0.16695,0.181818,0.154512,0.145,0.13913,0.13913,0.16695,0.378451,0.123684,0.164286,0.235034,0.15751,0.16,0.12093,0.116667,0.2125,0.133333,0.142198,0.180178,0.1902,0.176317,0.12,0.230098,0.1656,0.140909,0.325,0.133983,0.147698,0.15,0.125439,0.133333,0.175,0.1375,0.155508,0.128125,0.55,0.4,0.128266,0.143978,0.175019,0.129905,0.259196,0.13,0.167966,0.230098,0.169379,0.2,0.120626,0.298875,0.696624,0.16,0.349209,0.175318,0.220509,0.175318,0.233889,0.180178,0.169231,0.341616,0.193453,0.144893,0.2,0.235034,0.717793,0.312261,0.24432,0.323148,1,0.425245,0.228571,0.325056,0.198722,0.717793,0.717793,0.425245,0.696624,0.249525,0.717793,0.676285,0.676285,0.2804,0.676285,0.227195,0.163598,0.300849,0.186078,0.175318,0.250637,0.186078,0.300849,0.186078,0.702547,0.401274,0.227195,0.1,0.1,0.1,0.1,0.1,0.1,0.1,0.1,0.1,0.1,0.1,0.1,0.1,0.1,0.1,0.1,0.1,0.1,0.1,0.1,0.1,0.1,0.1,0.1,0.1,0.1,0.1,0.1,0.1,0.1,0.1,0.1,0.1,0.1,0.1,0.1,0.1,0.1,0.1,0.1,0.1,0.1,0.1,0.1,0.1,0.1,0.1,0.1,0.1,0.1,0.1,0.1,0.1,0.1,0.1,0.1,0.1,0.1,0.1,0.1,0.1,0.1,0.1,0.1,0.1,0.1,0.1,0.1,0.1
0.715677,0.675401,0.504007,0.439333,0.613834,0.518619,0.516773,0.467526,0.434209,0.59467,0.69688,0.131035,0.131035,0.221952,0.131035,0.7687,0.131035,0.155575,0.502034,0.463037,0.131035,1,0.580155,0.524825,0.703176,0.418464,0.257971,0.658247,0.614312,0.636568,0.819354,0.858315,0.264324,0.35087,0.171332,0.179426,0.727202,0.291007,0.404917,0.447107,0.630525,0.732609,0.669374,0.2743,0.147971,0.725229,0.513255,0.255172,0.456036,0.509463,0.661353,0.558899,0.3345,0.852322,0.565479,0.35667,0.319721,0.403685,0.625552,0.232994,0.389911,0.70449,0.219057,0.750855,0.579536,0.59745,0.778116,0.8495,0.460971,0.785717,0.45066,0.805857,0.162069,0.193103,0.856372,0.605953,0.342001,0.827054,0.224138,0.926756,0.433114,0.221381,0.394596,0.35639,0.735889,0.179689,0.12616,0.501288,0.193103,0.201874,0.187703,0.269371,0.252412,0.365453,0.469847,0.185682,0.340082,0.622125,0.361201,0.243467,0.131035,0.187301,0.255172,0.184838,0.131035,0.162069,0.289606,0.193103,0.279733,0.131035,0.131035,0.156608,0.12616,0.255172,0.131035,0.131035,0.131035,0.21605,0.131035,0.256169,0.459064,0.147227,0.209427,0.219612,0.157697,0.19833,0.160177,0.216765,0.124034,0.139297,0.274949,0.1,0.1,0.1,0.1,0.1,0.1,0.1,0.1,0.1,0.1,0.1,0.1,0.1,0.1,0.1,0.1,0.1,0.1,0.1,0.1,0.1,0.1,0.1,0.1,0.1,0.1,0.1,0.1,0.1,0.1,0.1,0.1,0.1,0.1,0.1,0.1,0.1,0.1,0.1,0.1,0.1,0.1,0.1,0.1,0.1,0.1,0.1,0.1,0.1,0.1,0.1,0.1,0.1,0.1,0.1,0.1,0.1,0.1,0.1,0.1,0.1,0.1,0.1,0.1,0.1,0.1,0.1,0.1,0.1
0.437681,0.417867,0.326956,0.287811,0.38444,0.33677,0.336509,0.303837,0.696103,0.381551,0.438678,0.147698,0.147698,0.308197,0.147698,0.479497,0.147698,0.19049,0.766053,0.72199,0.147698,0.580155,1,0.812993,0.434572,0.275792,0.382753,0.416633,0.769612,0.662429,0.505857,0.530299,0.382447,0.507086,0.218585,0.233864,0.462263,0.433515,0.624857,0.696961,0.70995,0.634715,0.615422,0.400221,0.180037,0.461038,0.823652,0.38125,0.748763,0.785344,0.424901,0.356032,0.489863,0.588572,0.796905,0.570947,0.482098,0.63209,0.394602,0.340758,0.596666,0.6761,0.301468,0.668065,0.865551,0.783894,0.520705,0.575424,0.711039,0.625096,0.707701,0.5089,0.203948,0.260198,0.580567,0.804012,0.517565,0.611675,0.316717,0.575136,0.667255,0.314838,0.620011,0.543913,0.46198,0.243455,0.147319,0.790092,0.26875,0.263112,0.245734,0.400325,0.362534,0.582204,0.739342,0.245908,0.517744,0.866133,0.556146,0.35175,0.15625,0.248663,0.37373,0.26875,0.147698,0.2125,0.43521,0.26875,0.417164,0.15625,0.15625,0.202602,0.147319,0.38125,0.15625,0.15625,0.15625,0.292493,0.15625,0.381639,0.702559,0.184924,0.27021,0.300332,0.206526,0.255803,0.208397,0.308918,0.142888,0.170551,0.402062,0.1,0.1,0.1,0.1,0.1,0.1,0.1,0.1,0.1,0.1,0.1,0.1,0.1,0.1,0.1,0.1,0.1,0.1,0.1,0.1,0.1,0.1,0.1,0.1,0.1,0.1,0.1,0.1,0.1,0.1,0.1,0.1,0.1,0.1,0.1,0.1,0.1,0.1,0.1,0.1,0.1,0.1,0.1,0.1,0.1,0.1,0.1,0.1,0.1,0.1,0.1,0.1,0.1,0.1,0.1,0.1,0.1,0.1,0.1,0.1,0.1,0.1,0.1,0.1,0.1,0.1,0.1,0.1,0.1
0.416093,0.386042,0.304985,0.275221,0.374098,0.320479,0.319131,0.287617,0.686953,0.363507,0.417732,0.150878,0.150878,0.312383,0.150878,0.452917,0.150878,0.20093,0.834161,0.726675,0.150878,0.524825,0.812993,1,0.423597,0.26875,0.41294,0.412421,0.698076,0.62053,0.486497,0.497696,0.42928,0.546313,0.244023,0.247258,0.426186,0.413573,0.635922,0.686802,0.648014,0.586306,0.56376,0.383279,0.190568,0.43106,0.81274,0.389442,0.732032,0.773896,0.392543,0.335057,0.511161,0.560519,0.741227,0.535392,0.502083,0.638166,0.379221,0.342363,0.565458,0.613842,0.322941,0.624785,0.802128,0.72322,0.496348,0.539148,0.724443,0.596603,0.731141,0.485866,0.210878,0.270878,0.557485,0.767113,0.523497,0.586129,0.329443,0.518975,0.676068,0.335254,0.667647,0.589936,0.445209,0.269553,0.16,0.809893,0.274096,0.262285,0.261717,0.382026,0.344423,0.54719,0.774129,0.258764,0.526213,0.790144,0.561211,0.377836,0.16,0.28,0.386025,0.256172,0.150878,0.209442,0.432034,0.28,0.445808,0.16,0.16,0.22,0.16,0.38051,0.16,0.149442,0.149442,0.312903,0.149442,0.395054,0.74616,0.188635,0.285158,0.302999,0.205491,0.26268,0.219362,0.303626,0.145767,0.174745,0.438351,0.1,0.1,0.1,0.1,0.1,0.1,0.1,0.1,0.1,0.1,0.1,0.1,0.1,0.1,0.1,0.1,0.1,0.1,0.1,0.1,0.1,0.1,0.1,0.1,0.1,0.1,0.1,0.1,0.1,0.1,0.1,0.1,0.1,0.1,0.1,0.1,0.1,0.1,0.1,0.1,0.1,0.1,0.1,0.1,0.1,0.1,0.1,0.1,0.1,0.1,0.1,0.1,0.1,0.1,0.1,0.1,0.1,0.1,0.1,0.1,0.1,0.1,0.1,0.1,0.1,0.1,0.1,0.1,0.1
0.841204,0.803759,0.614899,0.562526,0.770873,0.662875,0.647104,0.578417,0.348558,0.757955,0.842856,0.1225,0.1225,0.186041,0.1225,0.806015,0.1225,0.14127,0.399014,0.371367,0.1225,0.703176,0.434572,0.423597,1,0.522974,0.228525,0.841673,0.479116,0.509731,0.763559,0.69989,0.235,0.287825,0.155235,0.15216,0.782465,0.254719,0.323441,0.359559,0.501158,0.571173,0.535237,0.239015,0.135409,0.815787,0.395773,0.208541,0.376637,0.408169,0.825954,0.680708,0.270955,0.667088,0.434783,0.284663,0.265002,0.322781,0.796473,0.202424,0.322912,0.548286,0.19,0.581798,0.440341,0.474544,0.674009,0.679979,0.361543,0.60277,0.365071,0.761508,0.145,0.1675,0.700546,0.474019,0.287382,0.646112,0.186041,0.721618,0.33232,0.2125,0.337974,0.3025,0.845735,0.1675,0.1225,0.424992,0.1675,0.192138,0.177743,0.238404,0.202028,0.28529,0.375067,0.164219,0.274906,0.463223,0.296367,0.209459,0.1225,0.1675,0.2125,0.161574,0.1225,0.141041,0.245783,0.1675,0.2575,0.1225,0.1225,0.145,0.1225,0.210852,0.1225,0.118541,0.118541,0.184842,0.118541,0.231006,0.364901,0.143045,0.196799,0.206715,0.152371,0.184921,0.156246,0.201351,0.1225,0.135906,0.229877,0.1,0.1,0.1,0.1,0.1,0.1,0.1,0.1,0.1,0.1,0.1,0.1,0.1,0.1,0.1,0.1,0.1,0.1,0.1,0.1,0.1,0.1,0.1,0.1,0.1,0.1,0.1,0.1,0.1,0.1,0.1,0.1,0.1,0.1,0.1,0.1,0.1,0.1,0.1,0.1,0.1,0.1,0.1,0.1,0.1,0.1,0.1,0.1,0.1,0.1,0.1,0.1,0.1,0.1,0.1,0.1,0.1,0.1,0.1,0.1,0.1,0.1,0.1,0.1,0.1,0.1,0.1,0.1,0.1
0.53875,0.59702,0.78751,0.881065,0.614185,0.686413,0.73355,0.862465,0.233714,0.527658,0.525048,0.11125,0.11125,0.145,0.11125,0.49375,0.11125,0.1225,0.252579,0.242952,0.11125,0.418464,0.275792,0.26875,0.522974,1,0.1675,0.572027,0.3025,0.322398,0.455309,0.423584,0.163969,0.20125,0.130028,0.12959,0.477916,0.187398,0.220726,0.246291,0.316895,0.355395,0.338918,0.179346,0.1225,0.493844,0.2575,0.15625,0.243146,0.264566,0.578997,0.702091,0.187822,0.40375,0.28,0.20125,0.19,0.21139,0.591322,0.15625,0.219537,0.343366,0.145,0.3475,0.278714,0.299466,0.390234,0.401379,0.235,0.364595,0.24209,0.456366,0.1225,0.13375,0.396799,0.29125,0.20125,0.38125,0.145,0.433292,0.220198,0.149604,0.220046,0.20125,0.50021,0.13375,0.11125,0.261328,0.13375,0.145245,0.13701,0.176148,0.15625,0.20125,0.243725,0.13375,0.19,0.287042,0.20125,0.15625,0.11125,0.13375,0.15625,0.13375,0.11125,0.1225,0.176681,0.13375,0.171981,0.11125,0.11125,0.1225,0.11125,0.15625,0.11125,0.11125,0.11125,0.145,0.11125,0.1675,0.233739,0.120692,0.147026,0.153616,0.126,0.143072,0.127531,0.152304,0.11125,0.116683,0.1675,0.1,0.1,0.1,0.1,0.1,0.1,0.1,0.1,0.1,0.1,0.1,0.1,0.1,0.1,0.1,0.1,0.1,0.1,0.1,0.1,0.1,0.1,0.1,0.1,0.1,0.1,0.1,0.1,0.1,0.1,0.1,0.1,0.1,0.1,0.1,0.1,0.1,0.1,0.1,0.1,0.1,0.1,0.1,0.1,0.1,0.1,0.1,0.1,0.1,0.1,0.1,0.1,0.1,0.1,0.1,0.1,0.1,0.1,0.1,0.1,0.1,0.1,0.1,0.1,0.1,0.1,0.1,0.1,0.1
0.212832,0.205543,0.17564,0.166513,0.200956,0.182072,0.184013,0.172318,0.42028,0.193381,0.210187,0.206131,0.206131,0.521527,0.206131,0.228319,0.206131,0.331261,0.363263,0.418535,0.206131,0.257971,0.382753,0.41294,0.228525,0.1675,1,0.225581,0.314564,0.304054,0.239055,0.241983,0.670651,0.646983,0.403112,0.408429,0.219528,0.490828,0.439187,0.389091,0.303406,0.274327,0.277621,0.484086,0.314035,0.224095,0.401719,0.55635,0.438304,0.387529,0.209455,0.184237,0.564814,0.285655,0.397288,0.603994,0.542686,0.456764,0.204331,0.669812,0.483212,0.289483,0.519937,0.283172,0.349651,0.339542,0.242661,0.251119,0.391806,0.275306,0.43317,0.238909,0.338294,0.419683,0.279567,0.359385,0.630579,0.287295,0.590505,0.2528,0.489123,0.671804,0.453636,0.550234,0.23815,0.434048,0.226258,0.416515,0.425522,0.366297,0.482536,0.532219,0.617796,0.588815,0.405498,0.436422,0.550435,0.34906,0.50457,0.679486,0.25,0.55,0.550986,0.457182,0.206131,0.347956,0.610487,0.408852,0.712074,0.25,0.25,0.354881,0.226258,0.564679,0.25,0.215793,0.215793,0.601393,0.215793,0.633746,0.391963,0.338101,0.446848,0.447498,0.388325,0.426968,0.393644,0.508641,0.214418,0.286862,0.661046,0.1,0.1,0.1,0.1,0.1,0.1,0.1,0.1,0.1,0.1,0.1,0.1,0.1,0.1,0.1,0.1,0.1,0.1,0.1,0.1,0.1,0.1,0.1,0.1,0.1,0.1,0.1,0.1,0.1,0.1,0.1,0.1,0.1,0.1,0.1,0.1,0.1,0.1,0.1,0.1,0.1,0.1,0.1,0.1,0.1,0.1,0.1,0.1,0.1,0.1,0.1,0.1,0.1,0.1,0.1,0.1,0.1,0.1,0.1,0.1,0.1,0.1,0.1,0.1,0.1,0.1,0.1,0.1,0.1
0.794403,0.852709,0.67365,0.589913,0.807486,0.707498,0.696279,0.635323,0.333275,0.762564,0.800073,0.12093,0.12093,0.183721,0.12093,0.770505,0.12093,0.13839,0.380398,0.349494,0.12093,0.658247,0.416633,0.412421,0.841673,0.572027,0.225581,1,0.456815,0.473832,0.730586,0.653135,0.219011,0.283606,0.155867,0.155052,0.73977,0.235182,0.311552,0.343108,0.471485,0.539773,0.499349,0.226615,0.13243,0.771916,0.37966,0.204651,0.356018,0.39871,0.857112,0.727254,0.267442,0.643943,0.414869,0.276049,0.250057,0.307226,0.834338,0.196913,0.309986,0.527518,0.183721,0.529933,0.422341,0.453724,0.610377,0.64288,0.34497,0.574595,0.354053,0.720556,0.14186,0.162791,0.632818,0.441942,0.288372,0.607065,0.182188,0.692169,0.318177,0.190122,0.305879,0.288372,0.818093,0.162791,0.12093,0.40793,0.162791,0.178894,0.159495,0.219968,0.194227,0.272984,0.36126,0.160386,0.267442,0.435713,0.279046,0.204651,0.12093,0.162791,0.204651,0.162791,0.12093,0.14186,0.23379,0.162791,0.233918,0.12093,0.12093,0.14186,0.12093,0.204651,0.12093,0.12093,0.12093,0.179499,0.12093,0.206121,0.34195,0.133776,0.178864,0.189706,0.143336,0.174158,0.141859,0.184508,0.116209,0.126318,0.225581,0.1,0.1,0.1,0.1,0.1,0.1,0.1,0.1,0.1,0.1,0.1,0.1,0.1,0.1,0.1,0.1,0.1,0.1,0.1,0.1,0.1,0.1,0.1,0.1,0.1,0.1,0.1,0.1,0.1,0.1,0.1,0.1,0.1,0.1,0.1,0.1,0.1,0.1,0.1,0.1,0.1,0.1,0.1,0.1,0.1,0.1,0.1,0.1,0.1,0.1,0.1,0.1,0.1,0.1,0.1,0.1,0.1,0.1,0.1,0.1,0.1,0.1,0.1,0.1,0.1,0.1,0.1,0.1,0.1
